
d[nm]            PMF [kJ/mol]  PMF [kcal/mol]   std [kJ/mol]    std [kcal/mol]
1.436519	-49.97331	-11.94390774	0	        0
1.438949	-52.357362	-12.51370985	1.047331	0.250318117
1.441379	-55.026039	-13.15153896	0.8540367	0.20411967
1.443809	-57.87862	-13.83332218	0.9337813	0.223179087
1.446239	-60.08378	-14.36036807	1.014183	0.242395554
1.448669	-62.11692	-14.84630019	1.074371	0.256780832
1.451099	-63.99045	-15.29408461	1.168128	0.279189293
1.45353	        -65.54335	-15.66523662	1.224636	0.292695029
1.45596	        -66.85982	-15.9798805	1.280099	0.305951004
1.45839	        -67.94306	-16.23878107	1.325165	0.316722036
1.46082	        -68.81659	-16.44755975	1.35846	        0.324679732
1.46325	        -69.51021	-16.61333891	1.396857	0.333856836
1.46568	        -70.08479	-16.75066683	1.440344	0.344250478
1.46811	        -70.53613	-16.85853967	1.483224	0.354499044
1.47054	        -70.84991	-16.93353489	1.512963	0.361606836
1.472971	-71.04055	-16.97909895	1.531116	0.365945507
1.475401	-71.07401	-16.98709608	1.520696	0.363455067
1.477831	-70.94288	-16.95575526	1.505894	0.359917304
1.480261	-70.66925	-16.89035612	1.507884	0.360392925
1.482691	-70.24865	-16.78983031	1.531876	0.366127151
1.485121	-69.6395	-16.64423996	1.568578	0.37489914
1.487551	-68.84552	-16.45447419	1.605144	0.383638623
1.489981	-67.86156	-16.2193021	1.641999	0.39244718
1.492411	-66.69027	-15.93935707	1.669392	0.398994264
1.494842	-65.33759	-15.6160588	1.691711	0.404328633
1.497272	-63.85442	-15.26157266	1.709469	0.408572897
1.499702	-62.29993	-14.89004063	1.738521	0.415516491
1.502132	-60.9769	-14.57382887	1.754082	0.41923566
1.504562	-59.698433	-14.26826793	1.752783	0.418925191
1.506992	-58.37447	-13.95183317	1.745065	0.417080545
1.509422	-56.811073	-13.57817232	1.740532	0.415997132
1.511852	-55.112222	-13.17213719	1.737925	0.415374044
1.514283	-53.225153	-12.72111687	1.737881	0.415363528
1.516713	-51.289894	-12.25857887	1.737809	0.415346319
1.519143	-49.1540011	-11.74808822	1.737838	0.41535325
1.521573	-46.817541	-11.18966085	1.735798	0.414865679
1.524003	-44.638846	-10.66894025	1.732686	0.414121893
1.526433	-42.391805	-10.13188456	1.740725	0.41604326
1.528863	-40.107227	-9.585857314	1.795022	0.429020554
1.531293	-37.44523	-8.949624761	1.783336	0.426227533
1.533723	-34.88825	-8.338491874	1.781274	0.425734704
1.536154	-32.62296	-7.79707457	1.749524	0.418146272
1.538584	-30.33108	-7.249302103	1.759768	0.420594646
1.541014	-28.4432	-6.798087954	1.761139	0.420922323
1.543444	-26.7454	-6.392304015	1.761302	0.420961281
1.545874	-25.07925	-5.994084608	1.761318	0.420965105
1.548304	-23.58787	-5.637636233	1.761307	0.420962476
1.550734	-22.27168	-5.323059273	1.762005	0.421129302
1.553164	-21.25955	-5.081154398	1.761366	0.420976577
1.555595	-20.4672	-4.891778203	1.761963	0.421119264
1.558025	-19.79455	-4.731010994	1.763533	0.421494503
1.560455	-19.244	        -4.599426386	1.762563	0.421262667
1.562885	-18.72974	-4.476515296	1.762316	0.421203633
1.565315	-18.24374	-4.360358509	1.760451	0.420757887
1.567745	-17.68154	-4.225989484	1.76231	        0.421202199
1.570175	-17.07416	-4.08082218	1.764132	0.421637667
1.572605	-16.37077	-3.912707935	1.766708	0.422253346
1.575035	-15.55324	-3.717313576	1.770513	0.423162763
1.577466	-14.69015	-3.511030115	1.772388	0.423610899
1.579896	-13.80827	-3.300255736	1.769808	0.422994264
1.582326	-12.90627	-3.084672562	1.768309	0.422635994
1.584756	-12.06042	-2.88250956	1.767838	0.422523423
1.587186	-11.20257	-2.677478489	1.767782	0.422510038
1.589616	-10.42679	-2.49206262	1.767866	0.422530115
1.592046	-9.66183	-2.309232792	1.767884	0.422534417
1.594476	-9.00751	-2.152846558	1.767904	0.422539197
1.596907	-8.42167	-2.012827438	1.767909	0.422540392
1.599337	-7.8149	        -1.867805927	1.769745	0.422979207
1.601767	-7.43914	-1.777997132	1.772824	0.423715105
1.604197	-7.16644	-1.712820268	1.772597	0.423660851
1.606627	-6.56512	-1.569101338	1.78063	        0.425580784
1.609057	-5.61151	-1.341183078	1.816476	0.434148184
1.611487	-4.49765	-1.074964149	1.903743	0.455005497
1.613917	-3.25481	-0.77791826	1.950109	0.466087237
1.616347	-2.08288	-0.497820268	1.988502	0.475263384
1.618778	-0.98167	-0.234624761	2.045887	0.488978728
1.621208	-0.01911	-0.0045674	2.127301	0.508437141
1.623638	 0.77139	0.184366635	2.215323	0.529474904
1.626068	 1.47106	0.351591778	2.344073	0.560246893
1.628498	 1.98429	0.474256692	2.483793	0.593640774
1.630928	 2.28504	0.546137667	2.672967	0.638854446
1.633358	 2.50576	0.598891013	2.858469	0.683190488
1.635788	 2.49836	0.597122371	3.030818	0.724382887
1.638219	 2.42556	0.579722753	3.210967	0.767439532
1.640649	 2.25152	0.538126195	3.368035	0.804979685
1.643079	 2.00871	0.480093212	3.512573	0.839525096
1.645509	 1.69237	0.404486138	3.628081	0.86713217
1.647939	 1.34424	0.321281071	3.71328	        0.88749522
1.650369	 1.01052	0.241520076	3.81169	        0.911015774
1.652799	 0.75986	0.181610899	3.870578	0.925090344
1.655229	 0.55998	0.133838432	3.900424	0.932223709
1.657659	 0.54222	0.12959369	3.900414	0.932221319
1.66009	         0.51189	0.122344646	3.889793	0.929682839
1.66252	         0.42843	0.102397228	3.889134	0.929525335
1.66495	         0.34056	0.081395793	3.886595	0.928918499
1.66738	         0.24539	0.058649618	3.886653	0.928932361
1.66981	         0.13424	0.03208413	3.886427	0.928878346
1.672240        -0.0204  	3.88647	        0.928888623		0
1.674670        -0.15308	3.886542	0.928905832		0
1.677100        -0.35893	3.886873	0.928984943		0
1.679531	-0.50369	-0.120384799	3.887402	0.929111377
1.681961	-0.72205	-0.172574092	3.88998	        0.929727533
1.684391	-0.97968	-0.23414914	3.884564	0.928433078
1.686821	-1.09811	-0.262454589	3.866682	0.924159178
1.689251	-1.08329	-0.258912524	3.866722	0.924168738
1.691681	-1.12085	-0.267889579	3.862687	0.92320435
1.694111	-1.08543	-0.259423996	3.862961	0.923269837
1.696541	-1.02885	-0.245901052	3.863011	0.923281788
1.698971	-0.94887	-0.226785373	3.861789	0.922989723
1.701402	-0.8669	        -0.207194073	3.862161	0.923078633
1.703832	-0.77726	-0.185769598	3.864895	0.923732075
1.706262	-0.6365	        -0.152127151	3.866372	0.924085086
1.708692	-0.50357	-0.120356119	3.867439	0.924340105
1.711122	-0.39136	-0.093537285	3.870034	0.924960325
1.713552	-0.27706	-0.066218929	3.869672	0.924873805
1.715982	-0.23119	-0.055255736	3.858891	0.922297084
1.718412	-0.23751	-0.056766252	3.845679	0.91913934
1.720843	-0.22982	-0.054928298	3.847241	0.919512667
1.723273	-0.2239	        -0.053513384	3.85117	        0.920451721
1.725703	-0.20257	-0.048415392	3.860693	0.922727772
1.728133	-0.15178	-0.036276291	3.871294	0.925261472
1.730563	-0.091	        -0.021749522	3.882747	0.927998805
1.732993	0.00808	         0.001931166	3.891211	0.93002175
1.735423	0.06701	         0.016015774	3.899863	0.932089627
1.737853	0.17245	         0.041216539	3.90583	        0.933515774
1.740283	0.26186	         0.062586042	3.903152	0.932875717
1.742714	0.32901	         0.078635277	3.905286	0.933385755
1.745144	0.4218	         0.10081262	3.902305	0.932673279
1.747574	0.46253	         0.110547323	3.897935	0.931628824
1.750004	0.51256	         0.12250478	3.897836	0.931605163
1.752434	0.51997	         0.124275813	3.895836	0.931127151
1.754864	0.53244	         0.127256214	3.899389	0.931976338
1.757294	0.53739	         0.128439293	3.901268	0.93242543
1.759724	0.56055	         0.133974665	3.904223	0.933131692
1.762155	0.61265	         0.146426864	3.905267	0.933381214
1.764585	0.67016	         0.160172084	3.908315	0.934109704
1.767015	0.6863	         0.164029637	3.909838	0.934473709
1.769445	0.74649	         0.178415392	3.910672	0.93467304
1.771875	0.79862	         0.190874761	3.912146	0.935025335
1.774305	0.77175	         0.184452677	3.911785	0.934939054
1.776735	0.76489	         0.182813098	3.913665	0.935388384
1.779165	0.78474	         0.187557361	3.909317	0.934349187
1.781595	0.67774	         0.161983748	3.908387	0.934126912
1.784026	0.67362	         0.160999044	3.89727	        0.931469885
1.786456	0.60134	         0.143723709	3.885957	0.928766013
1.788886	0.723	         0.172801147	3.88055	        0.927473709
1.791316	0.74137	         0.177191683	3.879952	0.927330784
1.793746	0.79486	         0.189976099	3.883592	0.928200765
1.796176	0.76744	         0.183422562	3.884977	0.928531788
1.798606	0.80488	         0.192370937	3.888753	0.929434273
1.801036	0.76171	         0.182053059	3.890072	0.929749522
1.803467	0.75171	         0.179663002	3.890631	0.929883126
1.805897	0.71021	         0.169744264	3.894216	0.930739962
1.808327	0.68683	         0.16415631	3.89786	        0.931610899
1.810757	0.63508	         0.151787763	3.904038	0.933087476
1.813187	0.59467	         0.142129541	3.900594	0.93226434
1.815617	0.4408	         0.105353728	3.905158	0.933355163
1.818047	0.4275	         0.102174952	3.898454	0.931752868
1.820477	0.37693	         0.090088432	3.916271	0.936011233
1.822907	0.28145	         0.067268164	3.901313	0.932436185
1.825338	0.45882	         0.109660612	3.906122	0.933585564
1.827768	0.41703	         0.099672562	3.913915	0.935448136
1.830198	0.46813	         0.111885755	3.911794	0.934941205
1.832628	0.40598	         0.097031549	3.910866	0.934719407
1.835058	0.3397	         0.081190249	3.910833	0.93471152
1.837488	0.26795	         0.064041587	3.910665	0.934671367
1.839918	0.17137	         0.040958413	3.910057	0.934526052
1.842348	0.03557	         0.008501434	3.910205	0.934561424
1.844779	-0.10319	-0.024663002	3.913339	0.935310468
1.847209	-0.26837	-0.064141969	3.919984	0.936898662
1.849639	-0.37233	-0.088989006	3.921704	0.937309751
1.852069	-0.39792	-0.095105163	3.911286	0.93481979
1.854499	-0.3787	        -0.090511472	3.893694	0.930615201
1.856929	-0.22149	-0.05293738	3.883024	0.92806501
1.859359	  0	         0	        3.880695	0.927508365
				
				
